50
# 1243 6 5 2 0 8
# 669 6 7 1 0 8
# 555 2 4 2 1 8
# 483 2 1 2 0 8
# 5 0 1 2 0 8
# 25 0 3 4 0 8 
# 9 3 0 2 1 8			
# 167 1 0 3 0 8
# 317 5 6 3 0 8
# 121 5 5 2 0 8
# 61 5 7 2 1 8
# 403 6 6 2 0 8
# 25 5 7 2 0 8
# 49 6 0 2 1 8
# 117 7 0 3 0 8
# 921 5 6 2 0 8
# 5 5 7 2 0 8
# 9 5 5 2 1 8			
# 167 6 5 3 0 8
# 281 6 7 2 0 8
# 5443 6 6 2 0 8
# 234 5 0 2 0 8
# 498 5 6 2 1 8
# 999 5 5 2 0 8
# 211 5 7 2 1 8
# 49  3 4 2 1 8
# 117 1 2 3 0 8
# 921 4 5 2 0 8
# 281 4 0 2 0 8
# 443 2 5 2 0 8
# 989 2 0 2 1 8
# 5443 0 4 2 0 8
# 669 3 5 2 1 8
# 317 1 5 3 0 8
# 121 4 4 2 0 8
# 1243 0 5 2 0 8
# 61 3 1 4 1 8
# 403 0 0 2 0 8
# 98 3 3 3 1 8
# 900 0 0 2 0 8
# 211 3 2 5 1 8
# 119 3 0 2 1 8
# 227 1 4 3 0 8
# 331 2 5 2 0 8
# 700 2 2 1 0 8
# 511 2 4 2 1 8
# 127 4 3 0 5 8
# 871 2 5 2 0 8
# 540 2 2 2 0 8
# 981 2 4 2 1 8

